   1.8420795e+00   4.6075716e+00
   5.6585831e+00   4.7999641e+00
   6.3525789e+00   3.2908545e+00
   2.9040165e+00   4.6122041e+00
   3.2319792e+00   4.9398941e+00
   1.2479227e+00   4.9326785e+00
   1.9761989e+00   4.4348967e+00
   2.2345414e+00   5.0554717e+00
   2.9834076e+00   4.8404641e+00
   2.9797039e+00   4.8067108e+00
   2.1149641e+00   5.3737359e+00
   2.1216954e+00   5.2085421e+00
   1.5143529e+00   4.7700330e+00
   2.1697923e+00   5.2743535e+00
   4.1852373e-01   4.8831252e+00
   2.4705369e+00   4.8041894e+00
   4.0606913e+00   4.9950386e+00
   3.0070893e+00   4.6789776e+00
   6.6632346e-01   4.8718795e+00
   3.1621865e+00   4.8365830e+00
   5.1155258e-01   4.9105292e+00
   3.1342801e+00   4.9617811e+00
   2.0497460e+00   5.6241395e+00
   6.6582785e-01   5.2439926e+00
   1.0173201e+00   4.8447365e+00
   2.1789357e+00   5.2975870e+00
   2.8596261e+00   5.2604200e+00
   1.3088259e+00   5.3015870e+00
   9.9253246e-01   5.0156742e+00
   1.4037264e+00   4.5752768e+00
   2.6604657e+00   5.1962385e+00
   2.7999588e+00   5.1152632e+00
   2.0699535e+00   4.6846713e+00
   3.2976518e+00   5.5920553e+00
   1.8929766e+00   4.8904321e+00
   2.5598306e+00   5.2639776e+00
   1.1535403e+00   4.6786672e+00
   2.2515075e+00   5.4450031e+00
   2.2096030e+00   4.9146926e+00
   1.5914194e+00   4.8321257e+00
   1.6783804e+00   5.2690382e+00
   2.5914864e+00   4.9259339e+00
   2.8099644e+00   5.5384990e+00
   9.5311627e-01   5.5803711e+00
   1.5177528e+00   5.0383664e+00
   3.2311425e+00   5.7842966e+00
   2.5418001e+00   4.8109874e+00
   3.8142287e+00   4.7352680e+00
   1.6849583e+00   4.5964355e+00
   2.1777717e+00   4.8615402e+00
   1.8173328e+00   5.1333391e+00
   1.8577655e+00   4.8696241e+00
   3.0308430e+00   5.2405758e+00
   2.9265829e+00   5.0966792e+00
   3.4349354e+00   5.3408074e+00
   3.2036712e+00   4.8592476e+00
   1.0511804e-01   4.7291634e+00
   1.4059792e+00   5.0663682e+00
   2.2418505e+00   4.9244617e+00
   1.3667840e+00   5.2616110e+00
   1.7072548e+00   4.0423148e+00
   1.9190957e+00   5.5784845e+00
   1.6015673e+00   4.6445301e+00
   3.7963437e-01   5.2619473e+00
   2.0213450e+00   4.4126744e+00
   1.1203674e+00   5.2088075e+00
   2.2690143e+00   4.6181888e+00
  -2.4512713e-01   5.7401924e+00
   2.1285784e+00   5.0114979e+00
   1.8441998e+00   5.0315395e+00
   2.3255825e+00   4.7486796e+00
   1.5233411e+00   4.8791616e+00
   1.0228513e+00   5.0105065e+00
   1.8538274e+00   5.0075248e+00
   2.2032166e+00   4.9451638e+00
   1.2009998e+00   4.5782976e+00
   1.0206270e+00   4.6299112e+00
   1.6049323e+00   5.1366314e+00
   4.7647355e-01   5.1353598e+00
   3.6391720e-01   4.7333282e+00
   3.1319845e-01   5.5469464e+00
   2.2866484e+00   5.0076699e+00
   2.1546014e+00   5.4628296e+00
   2.0528852e+00   4.7795856e+00
   4.8880433e+00   5.5067080e+00
   2.4030475e+00   5.0814733e+00
   2.5686945e+00   5.2068789e+00
   1.8297599e+00   4.5965729e+00
   5.4845223e-01   5.0267298e+00
   3.1710962e+00   5.5946452e+00
   3.0420207e+00   5.0075837e+00
   2.4042777e+00   5.0258707e+00
   1.7783466e-01   5.2976503e+00
   2.6142868e+00   5.2228741e+00
   2.3009780e+00   4.9723584e+00
   3.9077932e+00   5.0946468e+00
   2.0567054e+00   5.2339133e+00
   1.3813350e+00   5.0019496e+00
   1.1607418e+00   4.6772793e+00
   1.7281820e+00   5.3602844e+00
   3.2036062e+00   7.2221490e-01
   3.0619292e+00   1.5719211e+00
   4.0171492e+00   1.1607065e+00
   1.4026082e+00   1.0872654e+00
   4.0816495e+00   8.7200343e-01
   3.1527308e+00   9.8155871e-01
   3.4518635e+00   4.2784083e-01
   3.8538431e+00   7.9204790e-01
   1.5744926e+00   1.3481113e+00
   4.7237208e+00   6.2044136e-01
   2.8796108e+00   7.5413741e-01
   9.6791348e-01   1.1616682e+00
   1.5317811e+00   1.1005485e+00
   4.1383592e+00   1.2478098e+00
   3.1610902e+00   1.2942289e+00
   2.9517704e+00   8.9583143e-01
   3.2784430e+00   1.7504393e+00
   2.1270185e+00   9.5672042e-01
   3.3264888e+00   1.2801907e+00
   2.5437149e+00   9.5732716e-01
   3.2339470e+00   1.0820232e+00
   4.4315298e+00   5.4041000e-01
   3.5647863e+00   1.1176471e+00
   4.2558848e+00   9.0643957e-01
   4.0538658e+00   5.3291862e-01
   3.0897018e+00   1.0881445e+00
   2.8473446e+00   2.6759253e-01
   3.6358605e+00   1.1216019e+00
   1.9553886e+00   1.3215686e+00
   2.8838400e+00   8.0454506e-01
   3.4844439e+00   1.1355145e+00
   3.4979841e+00   1.1004640e+00
   2.4557593e+00   7.8904654e-01
   3.2038001e+00   1.0272807e+00
   3.0067725e+00   6.2519128e-01
   1.9654797e+00   1.2173076e+00
   2.1798933e+00   1.3087983e+00
   2.6120703e+00   9.9076856e-01
   3.9554991e+00   8.3269299e-01
   3.6484648e+00   1.6284970e+00
   4.1845001e+00   4.5356203e-01
   3.7875723e+00   1.4544290e+00
   3.3006365e+00   1.2810759e+00
   3.0283636e+00   1.3563519e+00
   3.1841218e+00   1.4141080e+00
   4.1691190e+00   2.0581038e-01
   3.2402421e+00   1.1487624e+00
   3.9159607e+00   1.0122577e+00
   2.9697972e+00   1.0121031e+00
   1.1299386e+00   7.7085284e-01
   2.7173080e+00   4.8697555e-01
   3.1189017e+00   6.9438336e-01
   2.4051802e+00   1.1177812e+00
   2.9581843e+00   1.0188710e+00
   1.6545631e+00   1.1863117e+00
   2.3977581e+00   1.2472139e+00
   2.2840931e+00   6.4865469e-01
   2.7958872e+00   9.9526664e-01
   3.4115628e+00   1.1596363e+00
   3.5066352e+00   7.3878104e-01
   3.9361603e+00   1.4620293e+00
   3.9020666e+00   1.2777875e+00
   2.6103640e+00   8.8027602e-01
   4.3727186e+00   1.0291409e+00
   3.0834914e+00   1.1963264e+00
   2.1159935e+00   7.9303650e-01
   2.1565340e+00   4.0358861e-01
   2.1449110e+00   1.1358240e+00
   1.8493552e+00   1.0223264e+00
   4.1590816e+00   6.1720733e-01
   2.7649450e+00   1.4314895e+00
   3.9056115e+00   1.1657531e+00
   2.5407167e+00   9.8392516e-01
   4.2778307e+00   1.1801368e+00
   3.3105817e+00   1.0312446e+00
   2.1552066e+00   8.0696562e-01
   3.7136366e+00   4.5813208e-01
   3.5401019e+00   8.6446135e-01
   1.6051999e+00   1.1098053e+00
   1.7516434e+00   6.8853536e-01
   3.1240512e+00   6.7821757e-01
   2.3719879e+00   1.4278961e+00
   2.5344602e+00   1.2156208e+00
   3.6834465e+00   1.2283454e+00
   3.2670134e+00   3.2056676e-01
   3.9415914e+00   8.2577438e-01
   3.2645514e+00   1.3836869e+00
   4.3047114e+00   1.1072600e+00
   2.6849938e+00   3.5344943e-01
   3.1263518e+00   1.2806893e+00
   2.9429436e+00   1.0282508e+00
   3.1187654e+00   1.3328546e+00
   2.0235898e+00   4.4771614e-01
   3.6220293e+00   1.2864376e+00
   2.4286588e+00   8.6499285e-01
   2.0951730e+00   1.1401049e+00
   5.2923945e+00   3.6873298e-01
   2.0729171e+00   1.1676385e+00
   9.4623208e-01   2.4522253e-01
   2.7391191e+00   1.1007228e+00
   6.0050653e+00   2.7278417e+00
   6.0569641e+00   2.9497043e+00
   6.7701277e+00   3.2141142e+00
   5.6403468e+00   2.6938528e+00
   5.6332540e+00   2.9900234e+00
   6.1744316e+00   3.2902649e+00
   7.2469479e+00   2.9687742e+00
   5.5816291e+00   3.3351037e+00
   5.3627205e+00   3.1468119e+00
   4.7077577e+00   2.7871087e+00
   7.4289210e+00   3.4667949e+00
   6.6410725e+00   3.0599874e+00
   6.3747365e+00   2.5625306e+00
   7.2878032e+00   2.7517988e+00
   6.2029523e+00   2.6785618e+00
   5.3873604e+00   2.2673735e+00
   5.6673103e+00   2.9647787e+00
   6.5970216e+00   3.0708238e+00
   7.7566056e+00   3.1560446e+00
   6.6326275e+00   3.1479918e+00
   5.7663496e+00   3.1427171e+00
   5.9942315e+00   2.7570786e+00
   6.3787041e+00   2.6502232e+00
   5.7403623e+00   3.1039131e+00
   4.6165244e+00   2.7932072e+00
   5.3353400e+00   3.0392869e+00
   5.3729391e+00   2.8168478e+00
   5.0361116e+00   2.9248609e+00
   5.5290868e+00   3.3368158e+00
   6.0508694e+00   2.8070259e+00
   5.1320090e+00   2.1981219e+00
   5.7328494e+00   2.8773813e+00
   6.7811073e+00   3.0567687e+00
   6.4483445e+00   3.3529922e+00
   6.3994148e+00   2.8975695e+00
   5.8606792e+00   2.9957713e+00
   6.4476518e+00   3.1656095e+00
   5.3670811e+00   3.1950255e+00
   5.8873557e+00   3.3461557e+00
   3.9616247e+00   2.7202505e+00
   6.2843819e+00   3.1736064e+00
   4.2058479e+00   2.8164737e+00
   5.3261558e+00   3.0331405e+00
   7.1713520e+00   3.4122727e+00
   7.4949275e+00   2.8401875e+00
   7.3980724e+00   3.4848703e+00
   5.0243298e+00   2.9868318e+00
   5.3171248e+00   2.8174136e+00
   5.8765524e+00   3.2166111e+00
   6.0376283e+00   2.6830351e+00
   5.9128027e+00   2.8563194e+00
   6.6945136e+00   2.8905608e+00
   6.0101798e+00   2.7240134e+00
   6.9272197e+00   3.1996003e+00
   6.3355952e+00   3.3086429e+00
   6.2425707e+00   2.7917927e+00
   5.5781229e+00   3.2476602e+00
   6.4077386e+00   2.6755495e+00
   6.8002953e+00   3.1757958e+00
   7.2168403e+00   2.7289657e+00
   6.5110074e+00   2.7273191e+00
   4.6063053e+00   3.3294580e+00
   7.6550323e+00   2.8709563e+00
   5.5029576e+00   2.6292463e+00
   6.6306070e+00   3.0150230e+00
   3.4592801e+00   2.6847844e+00
   8.2033982e+00   2.4169350e+00
   4.9567943e+00   2.8977630e+00
   5.3705267e+00   2.4495481e+00
   5.6979787e+00   2.9497713e+00
   6.2737627e+00   2.2425604e+00
   5.0527453e+00   2.7569216e+00
   6.8857558e+00   2.8884527e+00
   4.1877442e+00   2.8928346e+00
   5.9751033e+00   3.0259191e+00
   6.0945713e+00   2.6186797e+00
   5.7239570e+00   3.0445422e+00
   4.3724977e+00   3.0548822e+00
   6.2920626e+00   2.7757386e+00
   5.1453304e+00   4.1322569e+00
   6.5870565e+00   3.3750835e+00
   5.7876910e+00   3.2925513e+00
   6.7279810e+00   3.0043983e+00
   6.6407894e+00   2.4106884e+00
   6.2322888e+00   2.7285090e+00
   6.2177272e+00   2.8099463e+00
   5.7811630e+00   3.0798779e+00
   6.6244725e+00   2.7445374e+00
   5.1959082e+00   3.0697294e+00
   5.8717718e+00   3.2551773e+00
   5.8956210e+00   2.8984398e+00
   5.6175432e+00   2.5975071e+00
   5.6317610e+00   3.0475875e+00
   5.5025866e+00   3.1186908e+00
   6.4821263e+00   2.5508514e+00
   7.3027871e+00   3.3801598e+00
   6.9919843e+00   2.9870673e+00
   4.8255341e+00   2.7796166e+00
   6.1176806e+00   2.8547566e+00
   9.4048944e-01   5.7155680e+00
